Stimuli Number	Event Number	Weighted Average Frequency (Hz)	Log2Scaled WAFrequency	RMSPower (dB)	RMSPower (B)	Angle	Chunk Duration (s)
1	1	380.5895034	8.572091963	-30.32171886	-3.032171886	340.52	1.2
1	2	540.1719537	9.077274925	-32.08376124	-3.208376124	340.77	1.2
1	3	546.1012194	9.093024568	-30.30122595	-3.030122595	84.95	1.2
1	4	489.1157729	8.934032179	-30.60237543	-3.060237543	190.73	1.2
1	5	477.887813	8.900528166	-31.55249797	-3.155249797	250.58	1.2
2	1	610.6151369	9.254119544	-29.72254454	-2.972254454	342.19	1.2
2	2	568.8259709	9.151843525	-30.52670304	-3.052670304	218.18	1.2
2	3	638.9077229	9.319463768	-31.21940768	-3.121940768	337.55	1.2
2	4	517.8580508	9.016412887	-30.65543803	-3.065543803	169.46	1.2
2	5	451.3074717	8.817966853	-33.46963523	-3.346963523	234.81	1.2
3	1	864.0153511	9.754913135	-34.51340017	-3.451340017	340.52	1.2
3	2	1304.562557	10.34935041	-36.29524694	-3.629524694	343.31	1.2
3	3	1325.070108	10.37185298	-38.5655046	-3.85655046	275.66	1.2
3	4	1083.129747	10.08099036	-33.54573003	-3.354573003	120.09	1.2
3	5	1263.486963	10.30319506	-37.3646423	-3.73646423	300.19	1.2
4	1	992.4662478	9.954874229	-33.90405822	-3.390405822	341.19	1.2
4	2	860.9791503	9.749834491	-33.94095587	-3.394095587	181.03	1.2
4	3	1337.642541	10.38547692	-37.68627696	-3.768627696	329.49	1.2
4	4	1066.033972	10.0580377	-36.15595174	-3.615595174	154.95	1.2
4	5	1283.447332	10.32580838	-37.28870927	-3.728870927	337.07	1.2
5	1	813.5661148	9.668115782	-27.32390605	-2.732390605	344.22	1.2
5	2	809.9293544	9.661652265	-28.23342563	-2.823342563	265.94	1.2
5	3	787.0960043	9.620395806	-30.56054995	-3.056054995	259.95	1.2
5	4	683.6010419	9.417010786	-32.82429267	-3.282429267	228.06	1.2
5	5	875.8536307	9.774545982	-29.25424702	-2.925424702	44.96	1.147641723
6	1	872.8101826	9.769524123	-28.13794644	-2.813794644	343.93	1.2
6	2	885.5516771	9.790432689	-27.32085429	-2.732085429	75.65	1.2
6	3	875.202723	9.773473417	-27.90318404	-2.790318404	253.76	1.2
6	4	849.2216046	9.729997264	-37.36339518	-3.736339518	267.37	1.2
6	5	828.7935743	9.694869008	-28.53193697	-2.853193697	92.28	1.2
7	1	1011.177298	9.981820263	-30.73748407	-3.073748407	342.88	1.2
7	2	1138.716992	10.15319352	-32.76652916	-3.276652916	310.18	1.2
7	3	1397.907873	10.44905357	-30.28296742	-3.028296742	40.01	1.2
7	4	1065.34028	10.0570986	-24.72750832	-2.472750832	125.2	1.2
7	5	1141.199818	10.15633571	-33.34439656	-3.334439656	276.57	1.2
8	1	1008.428744	9.977893431	-28.11886135	-2.811886135	344.26	1.2
8	2	1117.620434	10.12621459	-28.20052263	-2.820052263	356.85	1.2
8	3	1280.351116	10.32232379	-28.63723566	-2.863723566	347.45	1.2
8	4	1361.645844	10.4111358	-31.29561105	-3.129561105	288.47	1.2
8	5	1167.958088	10.18977279	-28.04246119	-2.804246119	124.23	1.2
9	1	835.1265857	9.705851083	-26.30162644	-2.630162644	344.84	1.2
9	2	848.433042	9.728656997	-28.89714896	-2.889714896	275.02	1.2
9	3	1012.256783	9.983359595	-27.55937935	-2.755937935	27.71	1.2
9	4	1225.748359	10.25944711	-27.13118902	-2.713118902	8.82	1.2
9	5	865.6327859	9.757611332	-24.23120309	-2.423120309	149.98	1.2
10	1	859.7737798	9.747813303	-30.9502272	-3.09502272	342.38	1.2
10	2	905.9138253	9.823230011	-26.96510112	-2.696510112	79.28	1.2
10	3	1231.409907	10.26609537	-26.48795113	-2.648795113	6.15	1.2
10	4	967.1804462	9.917641267	-29.78442219	-2.978442219	223.41	1.2
10	5	868.466194	9.762325881	-24.36977613	-2.436977613	106.01	1.2
11	1	582.0800497	9.185073761	-25.9558453	-2.59558453	344.22	1.2
11	2	744.760658	9.540633054	-28.79561249	-2.879561249	321.39	1.2
11	3	650.0116661	9.344321801	-26.97401466	-2.697401466	137.14	1.2
11	4	589.3729328	9.203036995	-26.2553018	-2.62553018	153.04	1.2
11	5	632.5559368	9.305049253	-25.90855896	-2.590855896	18.77	1.2
12	1	665.9640467	9.379300483	-27.64554967	-2.764554967	343.58	1.2
12	2	875.1327103	9.773358002	-28.79133281	-2.879133281	343.79	1.2
12	3	698.4375602	9.447987335	-29.12729197	-2.912729197	185.9	1.2
12	4	868.6213993	9.762583685	-26.68074864	-2.668074864	37.87	1.2
12	5	736.1918153	9.5239379	-28.16321984	-2.816321984	211.85	1.2
13	1	1178.372064	10.20257942	-30.60510074	-3.060510074	343.3	1.2
13	2	1021.47963	9.996444719	-30.93035007	-3.093035007	188.97	1.2
13	3	963.7250433	9.912477785	-31.07896711	-3.107896711	190.04	1.2
13	4	854.901688	9.739614712	-30.24315158	-3.024315158	154.2	1.2
13	5	813.8852424	9.668681579	-30.42998835	-3.042998835	194.76	1.2
14	1	941.9701661	9.879537558	-27.71044511	-2.771044511	344.33	1.2
14	2	1094.132304	10.09557149	-25.64522572	-2.564522572	43.71	1.2
14	3	917.9166693	9.842219378	-26.03800443	-2.603800443	188.81	1.2
14	4	1015.245477	9.987612885	-25.92355743	-2.592355743	4.5	1.2
14	5	853.0461463	9.736479977	-24.25310736	-2.425310736	146.37	1.2
15	1	632.4756159	9.30486605	-26.90467585	-2.690467585	343.87	1.2
15	2	884.4240465	9.788594441	-27.46843055	-2.746843055	353.35	1.2
15	3	933.8888466	9.867107037	-25.70655478	-2.570655478	65.98	1.2
15	4	888.8384794	9.795777465	-25.70229269	-2.570229269	179.66	1.2
15	5	689.239158	9.428860858	-26.28763637	-2.628763637	189.06	1.2
16	1	898.9421998	9.812084546	-26.75452651	-2.675452651	344.75	1.2
16	2	902.23525	9.817359842	-27.18597003	-2.718597003	276.97	1.2
16	3	817.9307808	9.675834947	-28.34651229	-2.834651229	219.35	1.2
16	4	797.3969135	9.639154211	-27.94964908	-2.794964908	132.75	1.2
16	5	789.9903244	9.625691173	-26.586325	-2.6586325	95.64	1.2
17	1	347.9827142	8.442871833	-23.71564632	-2.371564632	344.31	1.2
17	2	813.8374965	9.668596942	-28.40650242	-2.840650242	339.06	1.2
17	3	794.8023079	9.634452251	-29.83941327	-2.983941327	256.6	1.2
17	4	707.7004053	9.466994935	-28.44719083	-2.844719083	140.26	1.2
17	5	661.8641235	9.370391261	-29.34796467	-2.934796467	223	1.2
18	1	470.8603456	8.879155418	-26.40823899	-2.640823899	343.44	1.2
18	2	893.7905889	9.803793044	-30.3805962	-3.03805962	336.75	1.2
18	3	831.9581592	9.700367164	-33.14719041	-3.314719041	249.5	1.2
18	4	834.6071023	9.704953387	-30.33065183	-3.033065183	89.07	1.2
18	5	801.9132994	9.647302455	-33.14685124	-3.314685124	258.43	1.2
19	1	363.4760124	8.505716346	-27.45280051	-2.745280051	342.11	1.2
19	2	806.9212116	9.656284004	-26.89739187	-2.689739187	2.76	1.2
19	3	623.5058872	9.284259372	-27.85043904	-2.785043904	194.37	1.2
19	4	554.8088892	9.115847093	-26.07110944	-2.607110944	133.43	1.2
19	5	550.7425342	9.105234223	-30.78276812	-3.078276812	268.71	1.2
20	1	664.0073662	9.375055436	-27.45454118	-2.745454118	343.68	1.2
20	2	849.4847147	9.730444178	-28.74358889	-2.874358889	340.06	1.2
20	3	743.6187805	9.538419397	-29.88200047	-2.988200047	210.66	1.2
20	4	462.8305736	8.854340359	-26.75264055	-2.675264055	155.42	1.2
20	5	757.2167475	9.56456251	-29.97834557	-2.997834557	335.57	1.2
21	1	264.9874126	8.049780021	-26.28874623	-2.628874623	341.91	1.2
21	2	297.8813585	8.218594032	-26.07905362	-2.607905362	7.08	1.2
21	3	292.5186712	8.192384903	-24.74024548	-2.474024548	101.08	1.2
21	4	356.7476807	8.47876024	-26.44700579	-2.644700579	329.21	1.2
21	5	386.8534365	8.59564328	-26.3634899	-2.63634899	4.09	1.2
22	1	497.1581354	8.957561005	-27.94036107	-2.794036107	342.68	1.2
22	2	388.0477026	8.600090203	-29.85770167	-2.985770167	208.21	1.2
22	3	323.5949119	8.338045113	-30.1263042	-3.01263042	185.85	1.2
22	4	470.5463465	8.878193018	-30.45955892	-3.045955892	356.47	1.2
22	5	359.9904963	8.49181501	-27.61734414	-2.761734414	143.66	1.2
23	1	260.70435	8.026270845	-24.80986723	-2.480986723	342.82	1.2
23	2	277.9108905	8.11847856	-25.73996289	-2.573996289	314.75	1.2
23	3	339.3965622	8.406828142	-28.35631396	-2.835631396	317.78	1.2
23	4	467.3922348	8.868489955	-28.37075445	-2.837075445	359.82	1.2
23	5	418.0498064	8.707531025	-26.78355802	-2.678355802	135.4	1.2
24	1	411.2990291	8.684043856	-29.27105797	-2.927105797	341.37	1.2
24	2	540.7575699	9.078838146	-30.71871698	-3.071871698	339.86	1.2
24	3	394.2651556	8.623022403	-26.64572114	-2.664572114	138.22	1.2
24	4	319.6768644	8.320470527	-29.78018141	-2.978018141	226.01	1.2
24	5	379.987172	8.569806905	-26.67328673	-2.667328673	51.25	1.2
25	1	1051.107583	10.03769462	-34.142516	-3.4142516	341.21	1.2
25	2	1051.810445	10.03865901	-34.40874327	-3.440874327	272.07	1.2
25	3	1051.770641	10.03860442	-36.35478056	-3.635478056	269.98	1.2
25	4	1051.335301	10.03800714	-34.12334446	-3.412334446	90.15	1.2
25	5	1051.322257	10.03798924	-36.87283731	-3.687283731	270	1.2
26	1	393.6488584	8.620765484	-27.98252659	-2.798252659	342.02	1.2
26	2	397.6330765	8.63529396	-28.86871405	-2.886871405	279.31	1.2
26	3	394.8226694	8.625061017	-29.16355417	-2.916355417	250.86	1.2
26	4	395.7485018	8.628440079	-28.19041248	-2.819041248	88.01	1.2
26	5	397.9113096	8.636303094	-30.14759405	-3.014759405	272.3	1.2
27	1	2097.650817	11.03455883	-32.2725636	-3.22725636	343.7	1.2
27	2	2097.09162	11.03417418	-32.42372391	-3.242372391	268.54	1.2
27	3	2096.962882	11.03408561	-35.15621707	-3.515621707	269.98	1.2
27	4	2097.095034	11.03417653	-32.35174649	-3.235174649	89.98	1.2
27	5	2096.853931	11.03401065	-35.30617324	-3.530617324	269.97	1.2
28	1	398.9078986	8.63991188	-31.14816865	-3.114816865	340.18	1.2
28	2	394.8893755	8.625304742	-31.60197634	-3.160197634	252.16	1.2
28	3	399.0169932	8.640306378	-31.97135149	-3.197135149	292.1	1.2
28	4	397.9944197	8.636604393	-31.18587284	-3.118587284	92.7	1.2
28	5	396.4127023	8.630859382	-32.58299691	-3.258299691	267.65	1.2
29	1	1965.19843	10.94045928	-42.1939757	-4.21939757	338.91	1.2
29	2	1995.44566	10.96249528	-42.45495715	-4.245495715	310.18	1.2
29	3	1902.387142	10.89359515	-44.62539399	-4.462539399	252.39	1.2
29	4	1978.30069	10.95004601	-42.29341786	-4.229341786	76.39	1.2
29	5	1933.137208	10.91672832	-44.95020854	-4.495020854	262.85	1.2
30	1	569.5754018	9.153743032	-32.15089794	-3.215089794	340.65	1.2
30	2	573.6939608	9.164137521	-33.25975724	-3.325975724	275.36	1.2
30	3	566.8955858	9.146939225	-34.05876529	-3.405876529	257.85	1.2
30	4	572.0392583	9.15997035	-32.77513723	-3.277513723	84.2	1.2
30	5	568.6861465	9.15148885	-34.78674813	-3.478674813	267.59	1.2
31	1	389.3846655	8.60505226	-34.91302122	-3.491302122	337.92	1.2
31	2	385.7555623	8.591543149	-34.71890523	-3.471890523	124.84	1.2
31	3	383.0485373	8.581383402	-34.90126461	-3.490126461	240.88	1.2
31	4	385.0236909	8.588803409	-33.88429947	-3.388429947	85.83	1.2
31	5	383.3774586	8.582621703	-35.92809464	-3.592809464	268.27	1.2
32	1	3777.545738	11.88323351	-48.19635539	-4.819635539	337.92	1.2
32	2	3784.93536	11.88605295	-48.26157834	-4.826157834	293.38	1.2
32	3	3762.278313	11.87739086	-51.07739352	-5.107739352	268.24	1.2
32	4	3777.657959	11.88327637	-48.19725371	-4.819725371	88.83	1.2
32	5	3776.222868	11.8827282	-51.20327495	-5.120327495	269.9	1.2
33	1	783.2404649	9.613311491	-30.01824986	-3.001824986	342.66	1.2
33	2	796.3068787	9.63718071	-27.85717784	-2.785717784	83.7	1.2
33	3	784.4762011	9.61558587	-28.88922868	-2.888922868	258.18	1.2
33	4	797.9399306	9.640136333	-28.67575838	-2.867575838	41.01	1.2
33	5	792.7356095	9.630695973	-27.69099164	-2.769099164	95.48	1.2
34	1	845.6299312	9.723882632	-30.15096787	-3.015096787	342.77	1.2
34	2	865.0164402	9.756583742	-30.24927074	-3.024927074	343.27	1.2
34	3	863.4317652	9.75393836	-29.55247014	-2.955247014	92.17	1.2
34	4	837.0001842	9.70908413	-30.4923542	-3.04923542	244.49	1.2
34	5	875.7876858	9.774437354	-29.64875642	-2.964875642	52.24	1.2
35	1	1423.92062	10.47565301	-32.25829418	-3.225829418	342.88	1.2
35	2	1307.32718	10.35240453	-30.84877252	-3.084877252	131.17	1.2
35	3	1404.022125	10.45534995	-31.28234545	-3.128234545	337.16	1.2
35	4	1329.271054	10.3764196	-31.56605699	-3.156605699	199.77	1.2
35	5	1337.547431	10.38537434	-30.53947586	-3.053947586	85.01	1.2
36	1	2229.866037	11.12274133	-23.09662558	-2.309662558	348.27	1.2
36	2	2229.434145	11.12246187	-22.99485505	-2.299485505	91.57	1.2
36	3	2230.084782	11.12288284	-22.5585884	-2.25585884	89.45	1.2
36	4	2229.595381	11.1225662	-23.38172842	-2.338172842	269.78	1.2
36	5	2228.640869	11.12194844	-22.31086338	-2.231086338	90.33	1.2