Stimuli Number	Event Number	Dominant_Frequency_Hz	Log2Scaled_DomFrequency	DomPower_dB	DomPower_B	Angle
1		1		391.6666667		8.613482541		-38.89466248	-3.889466248	335.7
1	2	524.1666667	9.033881801	-42.23309499	-4.223309499	321.55
1	3	440	8.781359714	-39.77009078	-3.977009078	135.71
1	4	524.1666667	9.033881801	-39.14558063	-3.914558063	13.89
1	5	524.1666667	9.033881801	-40.63734377	-4.063734377	270
2	1	261.6666667	8.031586343	-39.01803971	-3.901803971	334.09
2	2	588.3333333	9.200489967	-40.50037077	-4.050037077	352.77
2	3	700	9.451211112	-42.42908285	-4.242908285	322.43
2	4	174.1666667	7.444324726	-42.08687708	-4.208687708	179.02
2	5	294.1666667	8.200489967	-39.98706777	-3.998706777	15.52
3	1	588.3333333	9.200489967	-42.70990363	-4.270990363	335.1
3	2	1402.5	10.45378506	-44.43160225	-4.443160225	352.18
3	3	1769.166667	10.78885425	-52.46994201	-5.246994201	292.63
3	4	1176.666667	10.20048997	-45.62728493	-4.562728493	130.69
3	5	1402.5	10.45378506	-48.75186763	-4.875186763	309.03
4	1	588.3333333	9.200489967	-43.75734337	-4.375734337	334.56
4	2	741.6666667	9.53462712	-42.06333905	-4.206333905	26.88
4	3	1325.833333	10.37268371	-47.88621365	-4.788621365	325.21
4	4	1178.333333	10.202532	-43.19073902	-4.319073902	109.92
4	5	1247.5	10.2848241	-49.60703529	-4.960703529	277.31
5	1	882.5	9.785452468	-34.44694268	-3.444694268	340.61
5	2	880.8333333	9.782725256	-37.75258651	-3.775258651	269.53
5	3	881.6666667	9.784089506	-41.13778016	-4.113778016	270.23
5	4	588.3333333	9.200489967	-40.92655757	-4.092655757	177.93
5	5	881.8083025	9.78432125	-34.77517844	-3.477517844	46.5
6	1	882.5	9.785452468	-34.45129247	-3.445129247	340.6
6	2	935	9.868822555	-34.27050595	-3.427050595	12.24
6	3	934.1666667	9.867536157	-34.3583085	-3.43583085	261.66
6	4	1179.166667	10.20355193	-50.85933845	-5.085933845	281.51
6	5	881.6666667	9.784089506	-35.03250946	-3.503250946	104.84
7	1	785	9.616548844	-41.05533042	-4.105533042	336.88
7	2	785	9.616548844	-40.80911403	-4.080911403	90
7	3	1872.5	10.87075	-40.88335833	-4.088335833	359.66
7	4	832.5	9.701306462	-31.43096299	-3.143096299	141.05
7	5	785	9.616548844	-42.05767546	-4.205767546	265.44
8	1	935	9.868822555	-42.39134535	-4.239134535	336.75
8	2	934.1666667	9.867536157	-36.55351701	-3.655351701	90.13
8	3	935	9.868822555	-36.86546935	-3.686546935	272.36
8	4	1573.333333	10.61960864	-39.52616289	-3.952616289	340.49
8	5	832.5	9.701306462	-35.03823603	-3.503823603	153.95
9	1	783.3333333	9.613482541	-36.37442835	-3.637442835	339.27
9	2	696.6666667	9.444324726	-40.5525526	-4.05525526	247.96
9	3	697.5	9.446049407	-36.15062192	-3.615062192	89.78
9	4	1175	10.19844504	-38.36434456	-3.836434456	343.6
9	5	880	9.781359714	-30.29436433	-3.029436433	117.33
10	1	880	9.781359714	-42.84682182	-4.284682182	336.34
10	2	880	9.781359714	-36.20453175	-3.620453175	90
10	3	1175	10.19844504	-38.38867373	-3.838867373	332.36
10	4	695.8333333	9.442597982	-43.65536332	-4.365536332	214.87
10	5	784.1666667	9.615016507	-30.94650277	-3.094650277	82.27
11	1	524.1666667	9.033881801	-34.69589703	-3.469589703	338.99
11	2	587.5	9.198445041	-38.9533211	-3.89533211	291.13
11	3	494.1666667	8.948853889	-34.53069116	-3.453069116	119.44
11	4	495.8333333	8.953711452	-30.70279611	-3.070279611	89.27
11	5	495	8.951284715	-35.31954507	-3.531954507	269.7
12	1	522.5	9.029287227	-35.54255238	-3.554255238	338.51
12	2	587.5	9.198445041	-40.3549979	-4.03549979	289.37
12	3	492.5	8.943979914	-38.78543677	-3.878543677	148.33
12	4	883.3333333	9.786814144	-38.2163017	-3.82163017	3.86
12	5	492.5	8.943979914	-36.0483223	-3.60483223	165.57
13	1	1170.833333	10.19332001	-41.08969148	-4.108969148	338.05
13	2	988.3333333	9.948853889	-42.83953798	-4.283953798	215.59
13	3	988.3333333	9.948853889	-39.44326695	-3.944326695	90
13	4	875	9.773139207	-38.35258165	-3.835258165	148.17
13	5	782.5	9.611946942	-36.66575211	-3.666575211	133.7
14	1	880	9.781359714	-35.20626008	-3.520626008	340.2
14	2	1175	10.19844504	-33.25018708	-3.325018708	25.13
14	3	880	9.781359714	-32.32650081	-3.232650081	167.51
14	4	1175	10.19844504	-37.86136248	-3.786136248	307
14	5	880	9.781359714	-30.96631296	-3.096631296	121.17
15	1	586.6666667	9.196397213	-30.36133174	-3.036133174	341.73
15	2	933.3333333	9.866248611	-33.32269947	-3.332269947	336.15
15	3	881.6666667	9.784089506	-32.96814177	-3.296814177	156.66
15	4	933.3333333	9.866248611	-30.09940737	-3.009940737	74.02
15	5	586.6666667	9.196397213	-32.22598808	-3.222598808	197.61
16	1	934.1666667	9.867536157	-31.4545049	-3.14545049	342.32
16	2	1046.666667	10.03158634	-33.47172301	-3.347172301	309.12
16	3	880.8333333	9.782725256	-33.60099969	-3.360099969	182.97
16	4	933.3333333	9.866248611	-38.33255516	-3.833255516	280.01
16	5	880.8333333	9.782725256	-32.57938071	-3.257938071	98.26
17	1	220.8333333	7.786814144	-30.83541032	-3.083541032	338.4
17	2	931.6666667	9.863670067	-37.19539743	-3.719539743	342.97
17	3	554.1666667	9.114176125	-39.3309699	-3.93309699	195.9
17	4	931.6666667	9.863670067	-38.36398501	-3.836398501	7.35
17	5	466.6666667	8.866248611	-36.41633138	-3.641633138	168.95
18	1	220.8333333	7.786814144	-31.21509158	-3.121509158	338.16
18	2	1175	10.19844504	-41.91112522	-4.191112522	336.08
18	3	554.1666667	9.114176125	-41.66530874	-4.166530874	178.7
18	4	931.6666667	9.863670067	-38.42330244	-3.842330244	23.39
18	5	620.8333333	9.27806221	-41.70410295	-4.170410295	209.26
19	1	220	7.781359714	-36.35781979	-3.635781979	334.96
19	2	986.6666667	9.94641896	-34.41263143	-3.441263143	5.13
19	3	986.6666667	9.94641896	-38.62207268	-3.862207268	270
19	4	208.3333333	7.702749879	-32.77340452	-3.277340452	165.39
19	5	659.1666667	9.364499479	-41.52424131	-4.152424131	332.23
20	1	986.6666667	9.94641896	-35.13092321	-3.513092321	340.55
20	2	439.1666667	8.778624746	-37.71975364	-3.771975364	192.5
20	3	247.5	7.951284715	-38.97168623	-3.897168623	188.6
20	4	208.3333333	7.702749879	-32.78139184	-3.278139184	111.88
20	5	1175	10.19844504	-41.18621994	-4.118621994	341.39
21	1	195.8333333	7.613482541	-34.79313578	-3.479313578	335.44
21	2	195.8333333	7.613482541	-31.25894619	-3.125894619	90
21	3	439.1666667	8.778624746	-35.08918788	-3.508918788	341.8
21	4	439.1666667	8.778624746	-33.47724827	-3.347724827	90
21	5	195.8333333	7.613482541	-32.22047577	-3.222047577	173.84
22	1	439.1666667	8.778624746	-33.75632178	-3.375632178	338.97
22	2	310.8333333	8.279997414	-36.94662044	-3.694662044	212.61
22	3	146.6666667	7.196397213	-40.47991618	-4.047991618	198.06
22	4	522.5	9.029287227	-38.78783314	-3.878783314	5.27
22	5	439.1666667	8.778624746	-33.77111095	-3.377111095	116.55
23	1	293.3333333	8.196397213	-29.39835448	-2.939835448	340.27
23	2	310	8.276124405	-36.89348843	-3.689348843	276.07
23	3	208.3333333	7.702749879	-36.3287768	-3.63287768	174.38
23	4	414.1666667	8.694067636	-38.09041248	-3.809041248	349.92
23	5	522.5	9.029287227	-33.93968	-3.393968	51.08
24	1	310.8333333	8.279997414	-35.77953954	-3.577953954	336.63
24	2	522.5	9.029287227	-38.27014035	-3.827014035	341.61
24	3	261.6666667	8.031586343	-37.22364627	-3.722364627	174.01
24	4	260.8333333	8.026984441	-37.1188461	-3.71188461	113.71
24	5	293.3333333	8.196397213	-32.25617353	-3.225617353	70.79
25	1	1049.166667	10.03502816	-38.57811831	-3.857811831	338.97
25	2	1049.166667	10.03502816	-41.14627579	-4.114627579	270
25	3	1049.166667	10.03502816	-41.91908818	-4.191908818	270
25	4	1049.166667	10.03502816	-39.32898331	-3.932898331	90
25	5	1049.166667	10.03502816	-43.59748675	-4.359748675	270
26	1	349.1666667	8.447772028	-30.44878303	-3.044878303	340.18
26	2	349.1666667	8.447772028	-32.58868591	-3.258868591	270
26	3	349.1666667	8.447772028	-31.75874697	-3.175874697	90
26	4	349.1666667	8.447772028	-31.26840846	-3.126840846	90
26	5	349.1666667	8.447772028	-33.25970415	-3.325970415	270
27	1	2106.666667	11.04074634	-39.79253929	-3.979253929	340.18
27	2	2106.666667	11.04074634	-39.97357481	-3.997357481	270
27	3	2105	11.03960452	-42.559191	-4.2559191	269.75
27	4	2106.666667	11.04074634	-39.51721701	-3.951721701	89.78
27	5	2105	11.03960452	-42.85177651	-4.285177651	269.8
28	1	349.1666667	8.447772028	-36.81778722	-3.681778722	336.45
28	2	349.1666667	8.447772028	-37.26974353	-3.726974353	270
28	3	349.1666667	8.447772028	-37.06628909	-3.706628909	90
28	4	349.1666667	8.447772028	-36.92554469	-3.692554469	90
28	5	349.1666667	8.447772028	-37.49756544	-3.749756544	270
29	1	1395.833333	10.44691097	-50.11861701	-5.011861701	334.37
29	2	1395.833333	10.44691097	-53.06836287	-5.306836287	270
29	3	1395.833333	10.44691097	-51.90548558	-5.190548558	90
29	4	1395.833333	10.44691097	-51.46346952	-5.146346952	90
29	5	1395.833333	10.44691097	-53.04624377	-5.304624377	270
30	1	553.3333333	9.112005026	-35.50774469	-3.550774469	338.71
30	2	553.3333333	9.112005026	-37.90059753	-3.790059753	270
30	3	553.3333333	9.112005026	-37.11613461	-3.711613461	90
30	4	553.3333333	9.112005026	-36.59142445	-3.659142445	90
30	5	553.3333333	9.112005026	-38.59232253	-3.859232253	270
31	1	369.1666667	8.528128483	-37.86881034	-3.786881034	336.06
31	2	369.1666667	8.528128483	-37.31201029	-3.731201029	90
31	3	369.1666667	8.528128483	-36.94181655	-3.694181655	90
31	4	369.1666667	8.528128483	-36.33032554	-3.633032554	90
31	5	369.1666667	8.528128483	-38.29145442	-3.829145442	270
32	1	3135.833333	11.61463317	-57.26501469	-5.726501469	333.75
32	2	3135.833333	11.61463317	-58.24007978	-5.824007978	270
32	3	3135.833333	11.61463317	-62.00641534	-6.200641534	270
32	4	3135.833333	11.61463317	-57.29973132	-5.729973132	90
32	5	3135	11.61424973	-62.54211595	-6.254211595	269.96
33	1	786.6666667	9.619608644	-35.81794642	-3.581794642	339.58
33	2	786.6666667	9.619608644	-31.46761266	-3.146761266	90
33	3	786.6666667	9.619608644	-33.45555966	-3.345555966	270
33	4	786.6666667	9.619608644	-33.30445632	-3.330445632	90
33	5	786.6666667	9.619608644	-31.2462404	-3.12462404	90
34	1	588.3333333	9.200489967	-36.75355687	-3.675355687	338.22
34	2	588.3333333	9.200489967	-35.80866687	-3.580866687	90
34	3	588.3333333	9.200489967	-35.73822353	-3.573822353	90
34	4	588.3333333	9.200489967	-36.46651064	-3.646651064	270
34	5	588.3333333	9.200489967	-34.91924554	-3.491924554	90
35	1	1048.333333	10.0338818	-38.4687893	-3.84687893	339.02
35	2	1048.333333	10.0338818	-37.01577967	-3.701577967	90
35	3	1048.333333	10.0338818	-37.9306574	-3.79306574	270
35	4	1048.333333	10.0338818	-38.5469299	-3.85469299	270
35	5	1048.333333	10.0338818	-36.95861053	-3.695861053	90
36	1	2224.166667	11.11904918	-32.18925676	-3.218925676	343.85
36	2	2218.333333	11.11526045	-31.26003368	-3.126003368	92.33
36	3	2226.666667	11.12066989	-31.24345089	-3.124345089	17.04
36	4	2218.333333	11.11526045	-31.45913382	-3.145913382	255.92
36	5	2218.333333	11.11526045	-29.98100942	-2.998100942	90