eventcode	 time	 stimulusID
7	 2.411334e+00	 5
9	 8.444520e+00	 5
9	 1.131111e+01	 5
9	 1.224445e+01	 5
9	 1.284439e+01	 5
8	 1.442744e+01	 5
7	 2.041073e+01	 25
9	 2.432762e+01	 25
9	 2.507760e+01	 25
9	 2.567743e+01	 25
9	 2.611079e+01	 25
8	 3.242720e+01	 25
7	 3.721098e+01	 8
9	 4.324386e+01	 8
9	 4.377721e+01	 8
9	 4.454390e+01	 8
9	 4.506053e+01	 8
8	 4.922704e+01	 8
7	 5.521071e+01	 26
9	 5.986036e+01	 26
9	 6.052703e+01	 26
9	 6.242700e+01	 26
9	 6.284368e+01	 26
8	 6.722684e+01	 26
7	 7.321069e+01	 35
9	 7.591061e+01	 35
9	 7.879389e+01	 35
9	 7.951055e+01	 35
9	 7.994379e+01	 35
8	 8.522669e+01	 35
7	 9.120988e+01	 36
9	 9.771023e+01	 36
9	 9.834334e+01	 36
9	 9.884336e+01	 36
9	 9.926008e+01	 36
8	 1.032264e+02	 36
7	 1.104099e+02	 22
9	 1.142430e+02	 22
9	 1.147096e+02	 22
9	 1.151763e+02	 22
9	 1.155429e+02	 22
8	 1.224261e+02	 22
7	 1.272096e+02	 27
9	 1.345593e+02	 27
9	 1.351926e+02	 27
9	 1.357593e+02	 27
9	 1.361260e+02	 27
8	 1.392259e+02	 27
7	 1.464096e+02	 7
9	 1.499594e+02	 7
9	 1.505258e+02	 7
9	 1.519759e+02	 7
9	 1.523425e+02	 7
8	 1.584257e+02	 7
7	 1.632090e+02	 32
9	 1.660756e+02	 32
9	 1.667925e+02	 32
9	 1.682756e+02	 32
9	 1.687256e+02	 32
8	 1.752255e+02	 32
7	 1.812089e+02	 17
9	 1.869587e+02	 17
9	 1.889256e+02	 17
9	 1.897420e+02	 17
9	 1.902922e+02	 17
8	 1.932253e+02	 17
7	 1.992089e+02	 2
9	 2.019422e+02	 2
9	 2.029252e+02	 2
9	 2.035252e+02	 2
9	 2.038919e+02	 2
8	 2.112250e+02	 2
7	 2.172086e+02	 28
9	 2.228916e+02	 28
9	 2.236083e+02	 28
9	 2.240416e+02	 28
9	 2.244083e+02	 28
8	 2.292249e+02	 28
7	 2.340084e+02	 14
9	 2.366415e+02	 14
9	 2.379414e+02	 14
9	 2.386749e+02	 14
9	 2.392581e+02	 14
8	 2.460247e+02	 14
7	 2.520082e+02	 19
9	 2.540246e+02	 19
9	 2.547746e+02	 19
9	 2.560079e+02	 19
9	 2.566246e+02	 19
8	 2.640244e+02	 19
7	 2.688080e+02	 34
9	 2.743577e+02	 34
9	 2.749077e+02	 34
9	 2.754910e+02	 34
9	 2.759910e+02	 34
8	 2.808242e+02	 34
7	 2.856076e+02	 10
9	 2.878743e+02	 10
9	 2.889242e+02	 10
9	 2.898575e+02	 10
9	 2.902242e+02	 10
8	 2.976240e+02	 10
7	 3.024076e+02	 16
9	 3.088406e+02	 16
9	 3.092406e+02	 16
9	 3.097739e+02	 16
9	 3.105073e+02	 16
8	 3.144238e+02	 16
7	 3.192071e+02	 6
9	 3.230571e+02	 6
9	 3.240237e+02	 6
9	 3.246404e+02	 6
9	 3.250571e+02	 6
8	 3.312236e+02	 6
7	 3.384069e+02	 31
9	 3.403735e+02	 31
9	 3.437235e+02	 31
9	 3.441068e+02	 31
9	 3.444735e+02	 31
8	 3.504234e+02	 31
7	 3.552068e+02	 9
9	 3.586233e+02	 9
9	 3.610404e+02	 9
9	 3.615900e+02	 9
9	 3.623400e+02	 9
9	 3.628566e+02	 9
8	 3.672232e+02	 9
7	 3.744068e+02	 20
9	 3.799564e+02	 20
9	 3.806231e+02	 20
9	 3.815897e+02	 20
9	 3.821230e+02	 20
8	 3.864230e+02	 20
7	 3.924066e+02	 29
9	 3.972562e+02	 29
9	 3.981062e+02	 29
9	 4.000728e+02	 29
9	 4.006561e+02	 29
8	 4.044227e+02	 29
7	 4.104062e+02	 4
9	 4.128227e+02	 4
9	 4.145393e+02	 4
9	 4.158226e+02	 4
9	 4.166060e+02	 4
8	 4.224225e+02	 4
7	 4.272061e+02	 21
9	 4.299725e+02	 21
9	 4.312725e+02	 21
9	 4.318391e+02	 21
9	 4.324057e+02	 21
8	 4.392223e+02	 21
7	 4.464059e+02	 15
9	 4.492556e+02	 15
9	 4.500389e+02	 15
9	 4.513056e+02	 15
9	 4.517722e+02	 15
8	 4.584221e+02	 15
7	 4.656057e+02	 12
9	 4.695220e+02	 12
9	 4.702053e+02	 12
9	 4.712053e+02	 12
9	 4.716886e+02	 12
8	 4.776219e+02	 12
7	 4.848054e+02	 1
9	 4.896551e+02	 1
9	 4.902051e+02	 1
9	 4.906218e+02	 1
9	 4.910217e+02	 1
8	 4.968216e+02	 1
7	 5.016051e+02	 18
9	 5.047383e+02	 18
9	 5.065549e+02	 18
9	 5.070716e+02	 18
9	 5.075882e+02	 18
8	 5.136214e+02	 18
7	 5.208049e+02	 33
9	 5.255380e+02	 33
9	 5.260380e+02	 33
9	 5.264380e+02	 33
9	 5.269213e+02	 33
9	 5.303049e+02	 33
9	 5.306213e+02	 33
9	 5.309713e+02	 33
9	 5.320213e+02	 33
9	 5.323379e+02	 33
9	 5.327379e+02	 33
8	 5.328212e+02	 33
7	 5.400047e+02	 13
9	 5.418545e+02	 13
9	 5.424545e+02	 13
9	 5.434711e+02	 13
9	 5.449544e+02	 13
8	 5.520210e+02	 13
7	 5.568046e+02	 23
9	 5.620709e+02	 23
9	 5.625709e+02	 23
9	 5.643209e+02	 23
9	 5.647209e+02	 23
8	 5.688208e+02	 23
7	 5.748043e+02	 24
9	 5.779707e+02	 24
9	 5.800707e+02	 24
9	 5.805040e+02	 24
9	 5.809873e+02	 24
8	 5.868206e+02	 24
7	 5.940041e+02	 30
9	 5.972705e+02	 30
9	 5.980871e+02	 30
9	 5.995538e+02	 30
9	 6.001371e+02	 30
8	 6.060203e+02	 30
7	 6.132036e+02	 3
9	 6.163202e+02	 3
9	 6.188536e+02	 3
9	 6.195869e+02	 3
9	 6.207869e+02	 3
8	 6.252201e+02	 3
7	 6.324036e+02	 11
9	 6.343034e+02	 11
9	 6.356700e+02	 11
9	 6.361867e+02	 11
9	 6.373033e+02	 11
8	 6.444199e+02	 11
10	 6.484213e+02	 0
